4083
5669
5855
11855
11913
5616
5617
7309
11519
11855
5924
5926
5927
5928
11855
5930
5945
11855
12478
12642
9731
11855
12579
12580
12581
7299
11855
12594
12639
12641
7637
11855
12625
12626
12627
4339
6843
11855
12794
9200
11878
16607
891
10219
16609
7545
11856
12616
12617
12618
271
516
523
9637
11856
507
510
7308
11392
11856
627
638
640
646
11856
678
700
702
816
11856
841
842
881
898
11856
6186
12505
12506
12507
9345
11856
12534
12535
12536
9011
11856
12565
12566
12582
7117
11856
12591
12592
12640
7542
11856
12596
12597
12598
5948
11856
11786
14844
14845
14846
9463
9648
10331
12475
12712
7039
7040
10331
12712
13401
1397
10331
12242
12710
12711
655
827
4439
5907
7890
261
3304
4722
7891
9875
5998
11858
12779
12782
1579
1763
2067
2615
11858
1975
1978
6014
11438
11858
2295
2316
11858
12337
12338
2407
2457
11858
12339
12340
2554
2686
10817
11013
11858
6018
11858
12471
12472
12473
7729
11858
12629
12705
12706
11858
13681
13683
469
9676
9692
12463
12464
263
266
469
12495
12709
469
6130
12493
14755
4878
9222
11923
12470
4833
5052
10105
11923
12491
6298
9279
11923
12793
13933
5634
5655
11857
13383
2760
5713
11857
13381
7116
7307
11372
11699
11857
7319
7392
11857
12462
12496
6154
11857
12498
12634
12708
9714
11857
12572
12707
14173
